boundary -15.0 -15.0 0.0 15.0 15.0 6.0 120 120 120

block -10.0 -10.0 0.0 -9.0 10.0 6.0 120 120 120
block -9.0 -10.0 0.0 9.0 -9.0 6.0 120 120 120
block 9.0 -10.0 0.0 10.0 10.0 6.0 120 120 120
block -8.0 9.0 0.0 9.0 10.0 6.0 120 120 120

block -8.0 -8.0 0.0 -7.0 8.0 6.0 120 120 120
block -7.0 -8.0 0.0 6.0 -7.0 6.0 120 120 120
block 6.0 -8.0 0.0 7.0 0.0 6.0 120 120 120
block 6.0 1.0 0.0 7.0 8.0 6.0 120 120 120
block -7.0 7.0 0.0 6.0 8.0 6.0 120 120 120


block -5.0 1.0 0.0 -4.0 5.0 6.0 120 120 120
block -5.0 -5.0 0.0 -4.0 0.0 6.0 120 120 120
block -4.0 -5.0 0.0 3.0 -4.0 6.0 120 120 120
block 3.0 -5.0 0.0 4.0 5.0 6.0 120 120 120
block -4.0 4.0 0.0 3.0 5.0 6.0 120 120 120

block -3.0 -3.0 0.0 -2.0 3.0 6.0 120 120 120
block -2.0 -3.0 0.0 -1.0 -2.0 6.0 120 120 120
block 0.0 -3.0 0.0 1.0 -2.0 6.0 120 120 120
block 1.0 -3.0 0.0 2.0 3.0 6.0 120 120 120
block -2.0 2.0 0.0 -1.0 3.0 6.0 120 120 120
block 0.0 2.0 0.0 1.0 3.0 6.0 120 120 120


