# start
#   (1,5,1.5)
# end
#   (9,7,1.5)

boundary 0  0  0  10  10  3 120 120 120

# Wall thickness 0.1

# Room
# 1
block  0  0  0  10  0.1  3 120 120 120
# 2
block  0  1  0  0.1  6  3 120 120 120
# 3
block  0  6  0  2  6.1  3 120 120 120
# 4
block  2  3  0  2.1  8  3 120 120 120
# 5
block  2  8  0  2.5  8.1  3 120 120 120
# 6
block  2.5  8  0  2.6  8.5  3 120 120 120
# 7
block  2.5  8.5  0  9  8.6  3 120 120 120
# 8
block  5  5  0  5.1  6.5  3 120 120 120
# 9
block  2  4  0  3  4.1  3 120 120 120
# 10
block  5  5  0  6  5.1  3 120 120 120
# 11
block  7  5  0  7.1  6.5  3 120 120 120
# 12
block  9  8  0  9.1  8.6  3 120 120 120
# 13
block  9  8  0  10  8.1  3 120 120 120
# 14
block  10  0  0  10.1  8.1  3 120 120 120
# 15
block  7  4  0  10  4.1  3 120 120 120
# 16
block  5  2  0  5.1  3.1  3 120 120 120
# 17
block  3  3  0  5  3.1  3 120 120 120
# 18
block  5  2  0  8  2.1  3 120 120 120

# Furniture
# a
block  4  6  0  5  8.4  0.8 120 120 120
# b
block  7.1  5.5  0  8.5  8.5  0.5 120 120 120
# c
block  7.1  8.4  0.5  8.5  8.5  1.5 120 120 120
# d
block  9.2  4.1  0  10  7  2.5 120 120 120
# e
block  8.5  8.0  0  9.0  8.5  0.6 120 120 120


# Floor and ceiling
block  0  0  0  10  10  0.1 120 120 120

