# start
#   2.5 4 0.5
# goal
#   4 2.5 19.5

boundary 0  0  0  5  5  20 120 120 120
# tower
# Wall thickness 0.1

# Wall
#block 0.2	0.2	0 	4.8   0.3	20 120 120 120
#block 0.2	0.2 0	0.3   4.8   20 120 120 120
#block 0.2	4.7	0 	4.8   4.8	20 120 120 120
#block 4.7	0.2 0	4.8   4.8   20 120 120 120


# pole at the middle
block 1.5	1.5	0	3.5	3.5	20 120 120 120

# obstacles
block 0.0 0.0 0.8 5.0 2.5 1.0 120 120 120
block 0.0 0.0 0.8 2.5 5.0 1.0 120 120 120
block 0.0 0.0 2.8 2.5 5.0 3.0 120 120 120
block 0.0 2.5 2.8 5.0 5.0 3.0 120 120 120
block 0.0 2.5 4.8 5.0 5.0 5.0 120 120 120
block 2.5 0.0 4.8 5.0 5.0 5.0 120 120 120
block 2.5 0.0 6.8 5.0 5.0 7.0 120 120 120
block 0.0 0.0 6.8 5.0 2.5 7.0 120 120 120
block 0.0 0.0 8.8 5.0 2.5 9.0 120 120 120
block 0.0 0.0 8.8 2.5 5.0 9.0 120 120 120
block 0.0 0.0 10.8 2.5 5.0 11.0 120 120 120
block 0.0 2.5 10.8 5.0 5.0 11.0 120 120 120
block 0.0 2.5 12.8 5.0 5.0 13.0 120 120 120
block 2.5 0.0 12.8 5.0 5.0 13.0 120 120 120
block 2.5 0.0 14.8 5.0 5.0 15.0 120 120 120
block 0.0 0.0 14.8 5.0 2.5 15.0 120 120 120
block 0.0 0.0 16.8 5.0 2.5 17.0 120 120 120
block 0.0 0.0 16.8 2.5 5.0 17.0 120 120 120
block 0.0 0.0 18.8 2.5 5.0 19.0 120 120 120
block 0.0 2.5 18.8 5.0 5.0 19.0 120 120 120
